<?xml version="1.0"?>
<opencv_storage>
<objectPoints type_id="opencv-matrix">
  <rows>5</rows>
  <cols>56</cols>
  <dt>"3f"</dt>
  <data>
    0. 0. 0. 1. 0. 0. 2. 0. 0. 3. 0. 0. 4. 0. 0. 5. 0. 0. 6. 0. 0. 7. 0.
    0. 0. 1. 0. 1. 1. 0. 2. 1. 0. 3. 1. 0. 4. 1. 0. 5. 1. 0. 6. 1. 0. 7.
    1. 0. 0. 2. 0. 1. 2. 0. 2. 2. 0. 3. 2. 0. 4. 2. 0. 5. 2. 0. 6. 2. 0.
    7. 2. 0. 0. 3. 0. 1. 3. 0. 2. 3. 0. 3. 3. 0. 4. 3. 0. 5. 3. 0. 6. 3.
    0. 7. 3. 0. 0. 4. 0. 1. 4. 0. 2. 4. 0. 3. 4. 0. 4. 4. 0. 5. 4. 0. 6.
    4. 0. 7. 4. 0. 0. 5. 0. 1. 5. 0. 2. 5. 0. 3. 5. 0. 4. 5. 0. 5. 5. 0.
    6. 5. 0. 7. 5. 0. 0. 6. 0. 1. 6. 0. 2. 6. 0. 3. 6. 0. 4. 6. 0. 5. 6.
    0. 6. 6. 0. 7. 6. 0. 0. 0. 0. 1. 0. 0. 2. 0. 0. 3. 0. 0. 4. 0. 0. 5.
    0. 0. 6. 0. 0. 7. 0. 0. 0. 1. 0. 1. 1. 0. 2. 1. 0. 3. 1. 0. 4. 1. 0.
    5. 1. 0. 6. 1. 0. 7. 1. 0. 0. 2. 0. 1. 2. 0. 2. 2. 0. 3. 2. 0. 4. 2.
    0. 5. 2. 0. 6. 2. 0. 7. 2. 0. 0. 3. 0. 1. 3. 0. 2. 3. 0. 3. 3. 0. 4.
    3. 0. 5. 3. 0. 6. 3. 0. 7. 3. 0. 0. 4. 0. 1. 4. 0. 2. 4. 0. 3. 4. 0.
    4. 4. 0. 5. 4. 0. 6. 4. 0. 7. 4. 0. 0. 5. 0. 1. 5. 0. 2. 5. 0. 3. 5.
    0. 4. 5. 0. 5. 5. 0. 6. 5. 0. 7. 5. 0. 0. 6. 0. 1. 6. 0. 2. 6. 0. 3.
    6. 0. 4. 6. 0. 5. 6. 0. 6. 6. 0. 7. 6. 0. 0. 0. 0. 1. 0. 0. 2. 0. 0.
    3. 0. 0. 4. 0. 0. 5. 0. 0. 6. 0. 0. 7. 0. 0. 0. 1. 0. 1. 1. 0. 2. 1.
    0. 3. 1. 0. 4. 1. 0. 5. 1. 0. 6. 1. 0. 7. 1. 0. 0. 2. 0. 1. 2. 0. 2.
    2. 0. 3. 2. 0. 4. 2. 0. 5. 2. 0. 6. 2. 0. 7. 2. 0. 0. 3. 0. 1. 3. 0.
    2. 3. 0. 3. 3. 0. 4. 3. 0. 5. 3. 0. 6. 3. 0. 7. 3. 0. 0. 4. 0. 1. 4.
    0. 2. 4. 0. 3. 4. 0. 4. 4. 0. 5. 4. 0. 6. 4. 0. 7. 4. 0. 0. 5. 0. 1.
    5. 0. 2. 5. 0. 3. 5. 0. 4. 5. 0. 5. 5. 0. 6. 5. 0. 7. 5. 0. 0. 6. 0.
    1. 6. 0. 2. 6. 0. 3. 6. 0. 4. 6. 0. 5. 6. 0. 6. 6. 0. 7. 6. 0. 0. 0.
    0. 1. 0. 0. 2. 0. 0. 3. 0. 0. 4. 0. 0. 5. 0. 0. 6. 0. 0. 7. 0. 0. 0.
    1. 0. 1. 1. 0. 2. 1. 0. 3. 1. 0. 4. 1. 0. 5. 1. 0. 6. 1. 0. 7. 1. 0.
    0. 2. 0. 1. 2. 0. 2. 2. 0. 3. 2. 0. 4. 2. 0. 5. 2. 0. 6. 2. 0. 7. 2.
    0. 0. 3. 0. 1. 3. 0. 2. 3. 0. 3. 3. 0. 4. 3. 0. 5. 3. 0. 6. 3. 0. 7.
    3. 0. 0. 4. 0. 1. 4. 0. 2. 4. 0. 3. 4. 0. 4. 4. 0. 5. 4. 0. 6. 4. 0.
    7. 4. 0. 0. 5. 0. 1. 5. 0. 2. 5. 0. 3. 5. 0. 4. 5. 0. 5. 5. 0. 6. 5.
    0. 7. 5. 0. 0. 6. 0. 1. 6. 0. 2. 6. 0. 3. 6. 0. 4. 6. 0. 5. 6. 0. 6.
    6. 0. 7. 6. 0. 0. 0. 0. 1. 0. 0. 2. 0. 0. 3. 0. 0. 4. 0. 0. 5. 0. 0.
    6. 0. 0. 7. 0. 0. 0. 1. 0. 1. 1. 0. 2. 1. 0. 3. 1. 0. 4. 1. 0. 5. 1.
    0. 6. 1. 0. 7. 1. 0. 0. 2. 0. 1. 2. 0. 2. 2. 0. 3. 2. 0. 4. 2. 0. 5.
    2. 0. 6. 2. 0. 7. 2. 0. 0. 3. 0. 1. 3. 0. 2. 3. 0. 3. 3. 0. 4. 3. 0.
    5. 3. 0. 6. 3. 0. 7. 3. 0. 0. 4. 0. 1. 4. 0. 2. 4. 0. 3. 4. 0. 4. 4.
    0. 5. 4. 0. 6. 4. 0. 7. 4. 0. 0. 5. 0. 1. 5. 0. 2. 5. 0. 3. 5. 0. 4.
    5. 0. 5. 5. 0. 6. 5. 0. 7. 5. 0. 0. 6. 0. 1. 6. 0. 2. 6. 0. 3. 6. 0.
    4. 6. 0. 5. 6. 0. 6. 6. 0. 7. 6. 0.</data></objectPoints>
<imagePoints type_id="opencv-nd-matrix">
  <sizes>
    5 56 1 2</sizes>
  <dt>f</dt>
  <data>
    4.27104309e+02 4.30831146e+02 4.02457184e+02 4.31179810e+02
    3.77655548e+02 4.31336639e+02 3.53475311e+02 4.31445068e+02
    3.29208344e+02 4.31442719e+02 3.05252014e+02 4.31500000e+02
    2.81593414e+02 4.31335693e+02 2.59407440e+02 4.31109528e+02
    4.24442413e+02 4.05620026e+02 4.00252655e+02 4.06255890e+02
    3.76442596e+02 4.06414551e+02 3.52609161e+02 4.06715942e+02
    3.28958435e+02 4.06928864e+02 3.05453430e+02 4.07092743e+02
    2.83157806e+02 4.07030762e+02 2.60271973e+02 4.07318420e+02
    4.21327820e+02 3.82230011e+02 3.97791962e+02 3.82354187e+02
    3.74499176e+02 3.82828888e+02 3.51946350e+02 3.83344788e+02
    3.28690765e+02 3.83462860e+02 3.05916229e+02 3.83764587e+02
    2.83963013e+02 3.83710815e+02 2.62053864e+02 3.83872345e+02
    4.18783752e+02 3.59409729e+02 3.95638519e+02 3.59978241e+02
    3.73486664e+02 3.60644287e+02 3.50727509e+02 3.61077179e+02
    3.28419708e+02 3.61448822e+02 3.06031952e+02 3.61543549e+02
    2.84535889e+02 3.61957336e+02 2.63130646e+02 3.62479919e+02
    4.16514282e+02 3.38210602e+02 3.94355835e+02 3.38404602e+02
    3.71962219e+02 3.38859497e+02 3.50233521e+02 3.39317841e+02
    3.28255676e+02 3.40092285e+02 3.06360413e+02 3.40633514e+02
    2.84727356e+02 3.40872162e+02 2.63682648e+02 3.41772827e+02
    4.16873322e+02 3.17226013e+02 3.92667877e+02 3.17546875e+02
    3.71007355e+02 3.17872589e+02 3.49590485e+02 3.18861176e+02
    3.27770691e+02 3.19478424e+02 3.05872131e+02 3.20156677e+02
    2.84803162e+02 3.20727448e+02 2.62338898e+02 3.21509430e+02
    4.13418823e+02 2.96561249e+02 3.91818512e+02 2.97160858e+02
    3.70221619e+02 2.97895233e+02 3.48631836e+02 2.98528076e+02
    3.27239166e+02 2.99322571e+02 3.05844757e+02 2.99717346e+02
    2.84948883e+02 3.01077820e+02 2.63816376e+02 3.02182495e+02
    4.26990387e+02 4.30752441e+02 4.02464478e+02 4.31136353e+02
    3.77639832e+02 4.31269928e+02 3.53475067e+02 4.31414734e+02
    3.29197052e+02 4.31403748e+02 3.05228210e+02 4.31427612e+02
    2.81604431e+02 4.31259247e+02 2.59373169e+02 4.31044800e+02
    4.24430969e+02 4.05617340e+02 4.00198975e+02 4.06236450e+02
    3.76431793e+02 4.06367767e+02 3.52614441e+02 4.06714447e+02
    3.28888184e+02 4.06895844e+02 3.05504150e+02 4.07061066e+02
    2.83058807e+02 4.07070923e+02 2.60197540e+02 4.07384735e+02
    4.21334290e+02 3.82186005e+02 3.97786163e+02 3.82325592e+02
    3.74456085e+02 3.82776093e+02 3.51857574e+02 3.83302765e+02
    3.28630890e+02 3.83471405e+02 3.05873657e+02 3.83827057e+02
    2.84039276e+02 3.83697845e+02 2.62045715e+02 3.83998108e+02
    4.18779083e+02 3.59435486e+02 3.95569885e+02 3.59924347e+02
    3.73481201e+02 3.60635742e+02 3.50680267e+02 3.61095001e+02
    3.28438507e+02 3.61464966e+02 3.06008057e+02 3.61552246e+02
    2.84535828e+02 3.61976929e+02 2.63074677e+02 3.62446594e+02
    4.16476563e+02 3.38245392e+02 3.94326019e+02 3.38359253e+02
    3.71979797e+02 3.38940155e+02 3.50211304e+02 3.39300537e+02
    3.28194153e+02 3.40102386e+02 3.06294067e+02 3.40595367e+02
    2.84763428e+02 3.40907166e+02 2.63646515e+02 3.41821198e+02
    4.16975739e+02 3.17189606e+02 3.92638733e+02 3.17521057e+02
    3.70925079e+02 3.17845856e+02 3.49558472e+02 3.18861298e+02
    3.27655945e+02 3.19467896e+02 3.05847961e+02 3.20168762e+02
    2.84717163e+02 3.20717468e+02 2.62200592e+02 3.21466675e+02
    4.13494629e+02 2.96479645e+02 3.91792206e+02 2.97058441e+02
    3.70203217e+02 2.97708374e+02 3.48570801e+02 2.98491272e+02
    3.27158417e+02 2.99283875e+02 3.05815826e+02 2.99708099e+02
    2.84801819e+02 3.00941650e+02 2.63480011e+02 3.02266541e+02
    4.27082825e+02 4.30781036e+02 4.02470734e+02 4.31146332e+02
    3.77627045e+02 4.31303284e+02 3.53474304e+02 4.31442291e+02
    3.29197540e+02 4.31442902e+02 3.05244080e+02 4.31467834e+02
    2.81610443e+02 4.31277405e+02 2.59373383e+02 4.31051117e+02
    4.24475006e+02 4.05602356e+02 4.00217255e+02 4.06212250e+02
    3.76446320e+02 4.06370087e+02 3.52619232e+02 4.06687683e+02
    3.28968445e+02 4.06877777e+02 3.05474823e+02 4.07058472e+02
    2.82998199e+02 4.07090240e+02 2.60197784e+02 4.07355011e+02
    4.21364960e+02 3.82198059e+02 3.97830475e+02 3.82341827e+02
    3.74484161e+02 3.82783752e+02 3.51931458e+02 3.83369873e+02
    3.28663025e+02 3.83469543e+02 3.05879303e+02 3.83864227e+02
    2.83896240e+02 3.83721802e+02 2.61977539e+02 3.83881866e+02
    4.18758850e+02 3.59421265e+02 3.95598602e+02 3.59870789e+02
    3.73470062e+02 3.60631287e+02 3.50675690e+02 3.61114807e+02
    3.28454132e+02 3.61458557e+02 3.05898041e+02 3.61551208e+02
    2.84516998e+02 3.61940948e+02 2.63066467e+02 3.62471069e+02
    4.16505859e+02 3.38236786e+02 3.94342865e+02 3.38317657e+02
    3.71919006e+02 3.38799927e+02 3.50200989e+02 3.39283783e+02
    3.28225616e+02 3.40085266e+02 3.06271027e+02 3.40591064e+02
    2.84752991e+02 3.40885590e+02 2.63623474e+02 3.41766541e+02
    4.17019257e+02 3.17233826e+02 3.92632538e+02 3.17410339e+02
    3.70939056e+02 3.17806732e+02 3.49548584e+02 3.18842926e+02
    3.27684021e+02 3.19468933e+02 3.05819855e+02 3.20050446e+02
